34
173
93
33
178
166
148
136
158
153
29
112
102
106
69
56
169
98
170
159
193
199
50
155
42
134
78
196
121
10
188
150
167
3
0
151
116
91
141
94
129
183
24
145
81
197
146
130
180
113
22
162
139
138
187
80
15
64
104
186
184
177
156
74
57
117
77
109
165
14
194
122
92
128
63
110
120
66
26
161
55
44
176
107
174
185
157
88
87
126
163
37
72
2
39
190
103
115
17
149
191
111
12
96
58
189
13
83
143
67
75
101
11
49
133
97
36
65
195
144
76
28
71
164
127
154
89
124
73
40
47
175
168
114
25
160
7
142
53
52
182
38
137
108
119
43
46
179
6
99
31
35
171
9
125
23
62
86
8
19
135
79
51
90
123
68
5
32
132
16
18
152
192
1
84
131
82
61
4
147
48
198
140
41
60
85
59
54
30
105
95
100
172
20
70
118
27
45
181
21
