28
171
160
170
114
42
74
143
173
18
126
163
198
29
90
154
167
58
9
182
21
20
105
172
148
133
181
110
0
13
78
111
115
155
62
76
185
69
66
175
103
120
5
158
117
132
77
187
80
98
84
121
94
72
191
142
113
161
17
123
128
107
34
134
118
188
38
81
179
37
79
73
53
71
6
88
35
46
30
70
48
67
165
112
50
176
149
109
75
127
14
99
162
138
52
124
139
189
49
91
178
146
135
40
174
22
152
61
184
87
27
31
83
56
4
32
196
44
64
122
41
51
119
59
95
192
10
89
60
195
186
150
45
25
63
102
151
166
93
96
145
199
55
7
194
140
101
164
24
86
131
136
106
169
15
33
157
156
43
180
2
57
92
11
147
82
137
16
197
153
3
1
23
8
104
39
85
183
100
68
159
26
19
177
108
36
130
47
65
97
193
54
125
190
144
129
116
168
12
141
